# graph number = 1 name = ENSG00000187634
15
8 14 5.00
2 3 1.00
5 9 1.00
11 12 1.00
9 10 1.00
10 11 1.00
13 14 1.00
12 13 1.00
0 1 5.00
1 3 5.00
4 5 6.00
3 4 6.00
5 6 5.00
0 2 1.00
7 8 5.00
6 7 5.00
# graph number = 3 name = ENSG00000187642
9
5 8 1136.00
4 5 1136.00
0 2 1136.00
7 8 610.00
6 7 610.00
4 6 610.00
1 2 610.00
2 3 1746.00
3 4 1746.00
0 1 610.00
# graph number = 5 name = ENSG00000131591
17
0 1 763.00
2 3 763.00
3 4 763.00
1 2 763.00
5 6 763.00
4 5 763.00
9 10 2243.00
6 7 1187.00
7 8 1187.00
8 9 2243.00
0 6 424.00
10 11 2243.00
11 14 763.00
14 16 763.00
11 13 424.00
14 15 424.00
13 14 424.00
15 16 424.00
0 8 1056.00
11 12 1056.00
12 16 1056.00